714336
745683
750698
764073
773268
791658
808795
816318
823005
830111
831782
851008
863129
868145
871906
875668
876504
876922
878594
883609
884445
889879
891968
894894
894894
895730
898656
901582
902417
905343
907015
909941
912866
917046
917882
917882
917882
920390
921644
923315
923315
923315
926241
926241
927495
930421
933764
934182
937108
938780
941706
943377
944631
947139
947557
950065
953826
954244
957170
958006
962604
963439
971381
971381
972217
975142
977232
978068
978068
978904
980994
983919
985591
986427
987263
987681
988517
989353
991443
992279
994368
994368
996876
996876
996876
998130
998130
999802
999802
999802
1000638
1000638
1001056
1001056
1001892
1001892
1003564
1003564
1003982
1004817
1008579
1008579
1008579
1009415
1010251
1011505
1013177
1014013
1015266
1016102
1016102
1016938
1017356
1018192
1021118
1021118
1022790
1022790
1024879
1025715
1025715
1026551
1026551
1027387
1027387
1028641
1029477
1030313
1030313
1030731
1031567
1032403
1034075
1037418
1038254
1038254
1039090
1039090
1040762
1044942
1045777
1045777
1046613
1046613
1046613
1047449
1047449
1047449
1047867
1047867
1047867
1047867
1048703
1048703
1048703
1049539
1050793
1051629
1051629
1052465
1052465
1053301
1054137
1054555
1054555
1054555
1055391
1055391
1056226
1057062
1057062
1057062
1057480
1058316
1058316
1058316
1059152
1059988
1060824
1060824
1061242
1061242
1062078
1062078
1062914
1062914
1063750
1063750
1065004
1065004
1065004
1065839
1065839
1067511
1067929
1067929
1067929
1068765
1069601
1069601
1069601
1070437
1070437
1070437
1070437
1071691
1072527
1073363
1074199
1074199
1074617
1075453
1076288
1077542
1077542
1077542
1078378
1078378
1079214
1080050
1080050
1080050
1080886
1080886
1081304
1081304
1081304
1081304
1082140
1082140
1082976
1083812
1083812
1083812
1084230
1084230
1085066
1085066
1085902
1087573
1087573
1087573
1087991
1088827
1088827
1088827
1089663
1089663
1089663
1090499
1090499
1090917
1091753
1091753
1092589
1094261
1094679
1094679
1095515
1096351
1096351
1097186
1097186
1097604
1097604
1097604
1097604
1097604
1098440
1100112
1100112
1100948
1100948
1101366
1101366
1102202
1103038
1103038
1103038
1103874
1104292
1104292
1104292
1104292
1104292
1105128
1105128
1106799
1106799
1106799
1106799
1107635
1108889
1108889
1109725
1110979
1110979
1110979
1110979
1111815
1112651
1112651
1112651
1113487
1114323
1114741
1114741
1114741
1114741
1115577
1115577
1115577
1115577
1115577
1117666
1117666
1117666
1117666
1118502
1118502
1120174
1120174
1121010
1121010
1122264
1122264
1122264
1122264
1122264
1122264
1122264
1123100
1123100
1123100
1123936
1123936
1123936
1123936
1123936
1124354
1124354
1126026
1126026
1126862
1126862
1127697
1128115
1128115
1128115
1128951
1129787
1129787
1130623
1131877
1132713
1132713
1132713
1133549
1134385
1134385
1134803
1134803
1134803
1135639
1136475
1136475
1137311
1137728
1138564
1138564
1139400
1139400
1140236
1140236
1140236
1141072
1141490
1141490
1141490
1142326
1143162
1143998
1143998
1144416
1144416
1144416
1144416
1146088
1146088
1146088
1146088
1146088
1147759
1147759
1147759
1148177
1148177
1148177
1148177
1148177
1149849
1150685
1150685
1151103
1151103
1151103
1151103
1151103
1151939
1151939
1151939
1152775
1152775
1152775
1153611
1153611
1153611
1153611
1154447
1154865
1154865
1154865
1154865
1155701
1155701
1155701
1155701
1155701
1156537
1157373
1157373
1157791
1157791
1157791
1159462
1160298
1161134
1161134
1161134
1161134
1161552
1162388
1163224
1163224
1163224
1164060
1164060
1164478
1164478
1164478
1164478
1166150
1166150
1166986
1166986
1167822
1167822
1167822
1168239
1169075
1169075
1169075
1169075
1169911
1169911
1169911
1170747
1170747
1171165
1171165
1172001
1172001
1172837
1173673
1174509
1174927
1174927
1174927
1174927
1175763
1175763
1175763
1176599
1176599
1177435
1177435
1177435
1177853
1178688
1178688
1178688
1178688
1178688
1178688
1179524
1179524
1179524
1179524
1181196
1182450
1183286
1184122
1184540
1184540
1185376
1186212
1186212
1186212
1187048
1187048
1187048
1187048
1187048
1187884
1187884
1187884
1187884
1189137
1189973
1190809
1190809
1190809
1190809
1191227
1191227
1191227
1192063
1192899
1193735
1193735
1193735
1193735
1194571
1194989
1194989
1194989
1195825
1195825
1196661
1196661
1196661
1197497
1197915
1197915
1197915
1197915
1197915
1197915
1198751
1199586
1199586
1199586
1199586
1199586
1200422
1200422
1200422
1200422
1200422
1201258
1201676
1201676
1202512
1202512
1202512
1203348
1203348
1204184
1204184
1204602
1204602
1205438
1206274
1206274
1206274
1207110
1207110
1207110
1207110
1207110
1207946
1207946
1207946
1207946
1208364
1210035
1210035
1210035
1210871
1211289
1211289
1211289
1212125
1212125
1212125
1212125
1212125
1212125
1212961
1212961
1212961
1213797
1213797
1213797
1214633
1214633
1214633
1214633
1214633
1214633
1215887
1215887
1216723
1216723
1216723
1217559
1217559
1217559
1217977
1217977
1217977
1218813
1218813
1218813
1218813
1219648
1219648
1220484
1221320
1221738
1222574
1222574
1222574
1222574
1223410
1223410
1224246
1224246
1224246
1224664
1224664
1225500
1225500
1226336
1226336
1226336
1226336
1228008
1228008
1228426
1229262
1229262
1230097
1230097
1230097
1230097
1230933
1230933
1230933
1230933
1231351
1231351
1232187
1232187
1232187
1233023
1233023
1233859
1233859
1233859
1234695
1235113
1235113
1236785
1236785
1236785
1237621
1237621
1238039
1238039
1238875
1238875
1239711
1240546
1240546
1241382
1241800
1242636
1242636
1242636
1243472
1243472
1243472
1243472
1243472
1244308
1244308
1244308
1244726
1244726
1244726
1245562
1245562
1246398
1247234
1248070
1248488
1248488
1248488
1248488
1248488
1249324
1249324
1249324
1249324
1249324
1250159
1250159
1250995
1250995
1251413
1251413
1251413
1251413
1251413
1252249
1252249
1252249
1253085
1253921
1253921
1253921
1254757
1255175
1256011
1256011
1256011
1257683
1257683
1257683
1257683
1257683
1258101
1258101
1258101
1258937
1258937
1259773
1259773
1259773
1259773
1260608
1260608
1261444
1261444
1261862
1261862
1261862
1262698
1262698
1262698
1263534
1263534
1263534
1263534
1263534
1264370
1264370
1264370
1264370
1264370
1264370
1264788
1264788
1264788
1265624
1265624
1265624
1265624
1265624
1266460
1267296
1267296
1268132
1268132
1268132
1268132
1268132
1268132
1268132
1268132
1268132
1268550
1268550
1269386
1269386
1269386
1269386
1270222
1270222
1271057
1271475
1271475
1271475
1271475
1271475
1271475
1272311
1273147
1273147
1273983
1273983
1273983
1274819
1274819
1274819
1274819
1275237
1275237
1275237
1276073
1276073
1276073
1276909
1276909
1276909
1277745
1277745
1278163
1278163
1278999
1278999
1279835
1279835
1279835
1279835
1279835
1280671
1280671
1280671
1280671
1280671
1281506
1281506
1281506
1281506
1281924
1281924
1281924
1281924
1281924
1282760
1282760
1282760
1282760
1282760
1282760
1283596
1284432
1284432
1284432
1284850
1284850
1284850
1284850
1285686
1285686
1285686
1285686
1285686
1286522
1286522
1286522
1286522
1287358
1287358
1288194
1288194
1288194
1288194
1288194
1288612
1288612
1288612
1288612
1288612
1288612
1289448
1289448
1289448
1289448
1290284
1290284
1290284
1290284
1290284
1291537
1291537
1292373
1292373
1293209
1293209
1293209
1294045
1294045
1294881
1294881
1294881
1294881
1294881
1295299
1296971
1296971
1296971
1297807
1297807
1297807
1298225
1298225
1298225
1298225
1299061
1299061
1299061
1299897
1300733
1301568
1301568
1301568
1301986
1301986
1301986
1301986
1302822
1302822
1302822
1303658
1303658
1303658
1303658
1303658
1304494
1304494
1304494
1304494
1304494
1304912
1305748
1305748
1305748
1306584
1306584
1306584
1307420
1307420
1307420
1307420
1307420
1308256
1308256
1308674
1309510
1309510
1309510
1310346
1310346
1310346
1310346
1310346
1311182
1311182
1311182
1311182
1311599
1312435
1312435
1312435
1312435
1312435
1313271
1313271
1314107
1314107
1314107
1314107
1314943
1314943
1314943
1314943
1314943
1315361
1315361
1315361
1315361
1315361
1316197
1316197
1316197
1317033
1317033
1317033
1317033
1317869
1317869
1317869
1318287
1318287
1318287
1319123
1319123
1319123
1319123
1319123
1319959
1319959
1320795
1320795
1321631
1321631
1322048
1322884
1322884
1322884
1322884
1322884
1323720
1324556
1324974
1324974
1324974
1324974
1324974
1324974
1325810
1325810
1325810
1326646
1327482
1327482
1328318
1328318
1328736
1328736
1328736
1329572
1329572
1329572
1330408
1330408
1331244
1331662
1331662
1331662
1332497
1332497
1332497
1332497
1332497
1332497
1334169
1334169
1334169
1335005
1335005
1335005
1335005
1335005
1335423
1336259
1337095
1337095
1338349
1338349
1338349
1340021
1340021
1340021
1341693
1341693
1342111
1342111
1342946
1343782
1344618
1345036
1345036
1345036
1345872
1345872
1345872
1346708
1346708
1347544
1348380
1348798
1348798
1349634
1349634
1350470
1351724
1351724
1352559
1352559
1352559
1352559
1352559
1353395
1353395
1353395
1354231
1355067
1355067
1355067
1355485
1355485
1356321
1356321
1356321
1357157
1357157
1357157
1357157
1357993
1357993
1357993
1358411
1358411
1359247
1359247
1359247
1359247
1359247
1359247
1360083
1360919
1360919
1362173
1362173
1362173
1362173
1362173
1363008
1363008
1363844
1364680
1364680
1365098
1368860
1368860
1368860
1369696
1370532
1370532
1370532
1371368
1371368
1372622
1372622
1372622
1372622
1372622
1374293
1374293
1375129
1375129
1376383
1376383
1376383
1377219
1377219
1378055
1379309
1379309
1379309
1381817
1382235
1383906
1384742
1384742
1384742
1385160
1385160
1386832
1388504
1388922
1389758
1389758
1389758
1391430
1391848
1391848
1391848
1391848
1392684
1392684
1393519
1395191
1395609
1396445
1397281
1398117
1398117
1398117
1398535
1398535
1400207
1400207
1400207
1401879
1402297
1402297
1403133
1403133
1403133
1403133
1403968
1404804
1406058
1406894
1406894
1407730
1407730
1408566
1408984
1409820
1410656
1410656
1411492
1411910
1412746
1412746
1413582
1413582
1414417
1416507
1416507
1417343
1420269
1420269
1423195
1423195
1424031
1425284
1426120
1426956
1426956
1427792
1429046
1429046
1432808
1433644
1434479
1435315
1438241
1439495
1439495
1440331
1441167
1441167
1442003
1442421
1442421
1443257
1443257
1444093
1444928
1446182
1447018
1448690
1449108
1449944
1450780
1450780
1452870
1453706
1453706
1454542
1454542
1454542
1454542
1454542
1455377
1457467
1458303
1458303
1458721
1461229
1462065
1462065
1462065
1462483
1462483
1463319
1463319
1464155
1465408
1466244
1466244
1466244
1467916
1468752
1470006
1470006
1470842
1470842
1470842
1471678
1472096
1473768
1473768
1474604
1475439
1476693
1478365
1478365
1479619
1479619
1481291
1482545
1482545
1482545
1483381
1484217
1486306
1486306
1490068
1490068
1490904
1492158
1494666
1494666
1497591
1498427
1502607
1505115
1505115
1505115
1506368
1507204
1508040
1513056
1513892
1515982
1520579
1520579
1520579
1521415
1522251
1524341
1528938
1530192
1530192
1531028
1532282
1533118
1539805
1540641
1545657
1546493
1549000
1549418
1551090
1551926
1556942
1559031
1559867
1561539
1562375
1565301
1567391
1567391
1569062
1572406
1574078
1574914
1575750
1577004
1577839
1577839
1577839
1584527
1588288
1590378
1590378
1591214
1591214
1592468
1594140
1594976
1596230
1596230
1598737
1599155
1599155
1600827
1602917
1604589
1612112
1612112
1615038
1620053
1622561
1622979
1623815
1623815
1628413
1632592
1638026
1638026
1639279
1641787
1643041
1644713
1645967
1649728
1651400
1652236
1652236
1660177
1661849
1664775
1670626
1678986
1678986
1678986
1683165
1689853
1692778
1694450
1698212
1704899
1705735
1706153
1710751
1714512
1716184
1717438
1719110
1724125
1725797
1728723
1738336
1739172
1741262
1741262
1742933
1746277
1749621
1752546
1755472
1761324
1764249
1769683
1784311
1790163
1790163
1794760
1800612
1811061
1826525
1826525
1832795
1836556
1842408
1843244
1843662
1844497
1853275
1886711
1912207
1913043
1915133
1915133
1920148
1920148
1926835
1935195
1938120
1958182
1961108
1980334
1982842
1984096
1988693
1989529
1993291
2002904
2004994
2028817
2038431
2050969
2077719
2091093
2100288
2107394
2108230
2128292
2129964
2140831
2204360
2236125
2312612
2329748
2351900
2364857
2426297
2473108
2644053
2754813
2838822
3360435
5725918
